[gd_scene load_steps=12 format=2]

[ext_resource path="res://Player/Player.tscn" type="PackedScene" id=1]
[ext_resource path="res://Terrain.tscn" type="PackedScene" id=2]
[ext_resource path="res://Target/Target.tscn" type="PackedScene" id=3]
[ext_resource path="res://NPC/NPC.tscn" type="PackedScene" id=4]
[ext_resource path="res://UI/Dialogue.gd" type="Script" id=5]
[ext_resource path="res://UI/UI.gd" type="Script" id=6]
[ext_resource path="res://Enemy/Drone.tscn" type="PackedScene" id=7]

[sub_resource type="PhysicsMaterial" id=1]

[sub_resource type="PlaneMesh" id=2]

[sub_resource type="BoxShape" id=3]
margin = 0.001
extents = Vector3( 1, 0, 1 )

[sub_resource type="SphereShape" id=4]
radius = 4.0

[node name="Game" type="Spatial"]

[node name="Ground" type="StaticBody" parent="."]
physics_material_override = SubResource( 1 )

[node name="MeshInstance" type="MeshInstance" parent="Ground"]
mesh = SubResource( 2 )
material/0 = null

[node name="CollisionShape" type="CollisionShape" parent="Ground"]
transform = Transform( 1, 0, 0, 0, 0.1, 0, 0, 0, 1, 0, 0, 0 )
shape = SubResource( 3 )

[node name="Player" parent="." instance=ExtResource( 1 )]
collision_layer = 2
collision_mask = 3

[node name="lowpoly_scene" parent="." instance=ExtResource( 2 )]
transform = Transform( 5, 0, 0, 0, 5, 0, 0, 0, 5, 0, 0, 0 )

[node name="Target_Container" type="Spatial" parent="."]
visible = false

[node name="Target" parent="Target_Container" instance=ExtResource( 3 )]
transform = Transform( 0.939693, 0, 0.34202, 0, 1, 0, -0.34202, 0, 0.939693, -27, 4, 9 )

[node name="Target2" parent="Target_Container" instance=ExtResource( 3 )]
transform = Transform( 0.939693, 0, 0.34202, 0, 1, 0, -0.34202, 0, 0.939693, -8.08862, 4, 9 )

[node name="Target3" parent="Target_Container" instance=ExtResource( 3 )]
transform = Transform( 0.452746, 0, -0.89164, 0, 1, 0, 0.89164, 0, 0.452746, -31.9844, 7.87849, -43.0729 )

[node name="Target4" parent="Target_Container" instance=ExtResource( 3 )]
transform = Transform( -0.966255, 0, -0.257588, 0, 1, 0, 0.257588, 0, -0.966255, 20.0492, 4, -23.4813 )

[node name="Drone_Container" type="Spatial" parent="."]

[node name="Drone" parent="Drone_Container" instance=ExtResource( 7 )]
transform = Transform( 3, 0, 0, 0, 3, 0, 0, 0, 3, 0, 15, 100 )

[node name="NPC" parent="." instance=ExtResource( 4 )]
transform = Transform( -0.990061, 0, 0.140642, 0, 1, 0, -0.140642, 0, -0.990061, 0, 0.363142, 6.80048 )

[node name="Area" type="Area" parent="NPC"]
collision_layer = 2
collision_mask = 2

[node name="CollisionShape" type="CollisionShape" parent="NPC/Area"]
shape = SubResource( 4 )

[node name="UI" type="CanvasLayer" parent="."]
script = ExtResource( 6 )

[node name="Background" type="ColorRect" parent="UI"]
anchor_right = 1.0
margin_bottom = 30.0
color = Color( 0, 0, 0, 0.501961 )
__meta__ = {
"_edit_use_anchors_": false
}

[node name="Score" type="Label" parent="UI"]
margin_left = 10.0
margin_right = 510.0
margin_bottom = 30.0
text = "Score: 0"
valign = 1
__meta__ = {
"_edit_use_anchors_": false
}

[node name="Time" type="Label" parent="UI"]
margin_left = 512.0
margin_right = 1014.0
margin_bottom = 30.0
text = "Time: 00:00"
align = 2
valign = 1
__meta__ = {
"_edit_use_anchors_": false
}

[node name="Timer" type="Timer" parent="UI"]

[node name="Dialogue" type="Control" parent="UI"]
margin_right = 1024.0
margin_bottom = 600.0
script = ExtResource( 5 )
__meta__ = {
"_edit_use_anchors_": false
}

[node name="Background" type="ColorRect" parent="UI/Dialogue"]
anchor_top = 1.0
anchor_right = 1.0
anchor_bottom = 1.0
margin_top = -30.0
color = Color( 0, 0, 0, 0.501961 )

[node name="Text" type="RichTextLabel" parent="UI/Dialogue"]
anchor_top = 1.0
anchor_right = 1.0
anchor_bottom = 1.0
margin_top = -20.0
margin_bottom = 10.0
bbcode_enabled = true
__meta__ = {
"_edit_use_anchors_": false
}

[node name="Dmg" type="ColorRect" parent="UI"]
margin_right = 1024.0
margin_bottom = 600.0
color = Color( 1, 0, 0, 0 )
__meta__ = {
"_edit_use_anchors_": false
}

[connection signal="body_entered" from="NPC/Area" to="NPC" method="_on_Area_body_entered"]
[connection signal="body_exited" from="NPC/Area" to="NPC" method="_on_Area_body_exited"]
[connection signal="timeout" from="UI/Timer" to="UI" method="_on_Timer_timeout"]
